discretization:
  N: 6400
  dt: 0.000000002
t_end: 0.00001
write_every: -1
